"Name"	"Genes (tot)"	"Stat (dist.dir.up)"	"p (dist.dir.up)"	"p adj (dist.dir.up)"	"Stat (dist.dir.dn)"	"p (dist.dir.dn)"	"p adj (dist.dir.dn)"	"Stat (non-dir.)"	"p (non-dir.)"	"p adj (non-dir.)"	"Genes (up)"	"Stat (mix.dir.up)"	"p (mix.dir.up)"	"p adj (mix.dir.up)"	"Genes (down)"	"Stat (mix.dir.dn)"	"p (mix.dir.dn)"	"p adj (mix.dir.dn)"
"KEGG_GLYCOLYSIS_GLUCONEOGENESIS"	58	-1.1796	0.73987	1	1.1796	0.26013	0.67199	0.3583	0.27501	0.60887	29	-1.262	0.7341	0.93411	29	1.7687	0.074105	0.64473
"KEGG_CITRATE_CYCLE_TCA_CYCLE"	29	-1.3513	0.8377	1	1.3513	0.1623	0.55902	0.65971	0.2046	0.52855	11	0.34124	0.24165	0.65772	18	0.57061	0.3533	0.7794
"KEGG_PENTOSE_PHOSPHATE_PATHWAY"	25	-2.5596	0.98405	1	2.5596	0.015954	0.21686	1.027	0.12171	0.46061	11	-1.7206	0.90049	0.93411	14	2.8975	0.0047919	0.27201
"KEGG_PENTOSE_AND_GLUCURONATE_INTERCONVERSIONS"	19	1.0075	0.086027	0.55359	-1.0075	0.91397	1	0.27736	0.34009	0.63187	13	-0.043314	0.35013	0.71515	6	0.55733	0.32543	0.7794
"KEGG_FRUCTOSE_AND_MANNOSE_METABOLISM"	33	-3.0123	0.99295	1	3.0123	0.0070462	0.16382	1.3667	0.063344	0.34653	9	-0.6078	0.58037	0.86846	24	1.9748	0.054135	0.63236
"KEGG_GALACTOSE_METABOLISM"	24	-1.682	0.89758	1	1.682	0.10242	0.45356	-0.028417	0.439	0.70783	9	-1.1917	0.77363	0.93411	15	0.88718	0.25111	0.70768
"KEGG_ASCORBATE_AND_ALDARATE_METABOLISM"	17	0.86861	0.12872	0.6139	-0.86861	0.87128	1	2.1124	0.01825	0.27808	10	1.6884	0.021229	0.22821	7	1.2739	0.13673	0.68758
"KEGG_FATTY_ACID_METABOLISM"	41	2.5544	0.0011279	0.026224	-2.5544	0.99887	1	0.24722	0.29134	0.60887	26	1.493	0.023312	0.22821	15	-1.5569	0.94849	0.99973
"KEGG_STEROID_BIOSYNTHESIS"	16	-2.7104	0.9914	1	2.7104	0.0085975	0.17768	0.55302	0.2596	0.59278	5	-1.131	0.80258	0.93411	11	1.4295	0.11862	0.67216
"KEGG_PRIMARY_BILE_ACID_BIOSYNTHESIS"	15	-0.73751	0.69263	1	0.73751	0.30737	0.7445	0.55807	0.25534	0.59278	6	0.28375	0.27862	0.68156	9	0.48878	0.36069	0.7794
"KEGG_STEROID_HORMONE_BIOSYNTHESIS"	43	-0.54812	0.5278	1	0.54812	0.4722	0.96059	1.8843	0.02093	0.27808	23	0.21022	0.2252	0.65392	20	2.5374	0.015967	0.28687
"KEGG_OXIDATIVE_PHOSPHORYLATION"	108	4.6012	7.2221e-08	1.3433e-05	-4.6012	1	1	0.97314	0.089338	0.38644	67	3.1284	5.4084e-05	0.0025149	41	-2.4198	0.99064	0.99973
"KEGG_PURINE_METABOLISM"	148	-2.2123	0.90727	1	2.2123	0.092735	0.44713	2.3907	0.0033525	0.15589	67	0.15535	0.14093	0.56986	81	3.0903	0.0058497	0.27201
"KEGG_PYRIMIDINE_METABOLISM"	94	-3.7613	0.99878	1	3.7613	0.001221	0.045422	2.4376	0.0028769	0.15589	32	0.26689	0.17409	0.58775	62	2.8097	0.0087545	0.28644
"KEGG_ALANINE_ASPARTATE_AND_GLUTAMATE_METABOLISM"	31	-0.59124	0.5896	1	0.59124	0.4104	0.90875	-0.82659	0.70891	0.87557	15	-1.6317	0.8598	0.93411	16	0.42928	0.38894	0.79497
"KEGG_GLYCINE_SERINE_AND_THREONINE_METABOLISM"	31	0.28455	0.24935	0.73618	-0.28455	0.75065	1	1.0724	0.098169	0.40576	15	1.1533	0.061766	0.4103	16	0.37601	0.40757	0.80403
"KEGG_CYSTEINE_AND_METHIONINE_METABOLISM"	34	0.71492	0.12616	0.6139	-0.71492	0.87384	1	1.5897	0.042732	0.34653	18	1.422	0.030723	0.28572	16	0.80917	0.26551	0.71115
"KEGG_VALINE_LEUCINE_AND_ISOLEUCINE_DEGRADATION"	43	1.103	0.055774	0.54599	-1.103	0.94423	1	-0.82299	0.71552	0.87557	23	0.16021	0.23973	0.65772	20	-1.3785	0.91631	0.99973
"KEGG_VALINE_LEUCINE_AND_ISOLEUCINE_BIOSYNTHESIS"	10	-1.845	0.95291	1	1.845	0.047095	0.31284	1.0341	0.1409	0.46624	3	-0.19739	0.49882	0.83017	7	1.3652	0.11925	0.67216
"KEGG_LYSINE_DEGRADATION"	39	-0.48636	0.50579	1	0.48636	0.49421	0.96059	0.43489	0.26268	0.59278	19	0.062222	0.26961	0.67419	20	0.54664	0.36213	0.7794
"KEGG_ARGININE_AND_PROLINE_METABOLISM"	50	0.075982	0.27823	0.7724	-0.075982	0.72177	1	1.3977	0.061281	0.34653	26	0.95762	0.070199	0.43524	24	1.0207	0.22399	0.68758
"KEGG_HISTIDINE_METABOLISM"	27	0.16131	0.28756	0.78655	-0.16131	0.71244	1	-0.43453	0.57217	0.77119	15	-0.56402	0.52998	0.84253	12	-0.021195	0.53584	0.92353
"KEGG_TYROSINE_METABOLISM"	37	1.8021	0.012216	0.17478	-1.8021	0.98778	1	0.27613	0.31631	0.61222	24	0.4688	0.1355	0.56986	13	-0.17112	0.60722	0.93247
"KEGG_PHENYLALANINE_METABOLISM"	15	1.7134	0.024616	0.26933	-1.7134	0.97538	1	-0.12223	0.48694	0.72648	10	0.55147	0.17696	0.58775	5	-0.99161	0.83558	0.98365
"KEGG_TRYPTOPHAN_METABOLISM"	37	0.69635	0.12679	0.6139	-0.69635	0.87321	1	-0.29775	0.53047	0.74039	19	0.35708	0.18345	0.59327	18	-0.79376	0.81941	0.98365
"KEGG_BETA_ALANINE_METABOLISM"	22	1.0137	0.090247	0.55359	-1.0137	0.90975	1	0.27792	0.31672	0.61222	10	2.0142	0.0095196	0.14091	12	-1.4624	0.91309	0.99973
"KEGG_TAURINE_AND_HYPOTAURINE_METABOLISM"	10	-0.37807	0.57639	1	0.37807	0.42361	0.91618	-0.13777	0.51576	0.74039	3	0.91755	0.13705	0.56986	7	-0.76534	0.78033	0.98365
"KEGG_SELENOAMINO_ACID_METABOLISM"	25	-2.3726	0.97502	1	2.3726	0.024982	0.23234	1.9391	0.020435	0.27808	8	0.36896	0.24983	0.66124	17	2.0984	0.036329	0.51979
"KEGG_GLUTATHIONE_METABOLISM"	45	-2.3816	0.96875	1	2.3816	0.031246	0.26417	1.4682	0.049293	0.34653	19	-0.6398	0.52887	0.84253	26	2.4784	0.017705	0.28687
"KEGG_STARCH_AND_SUCROSE_METABOLISM"	37	-0.45294	0.50421	1	0.45294	0.49579	0.96059	1.5308	0.045483	0.34653	18	0.77093	0.10829	0.54552	19	1.3859	0.13129	0.68758
"KEGG_N_GLYCAN_BIOSYNTHESIS"	44	-5.3614	1	1	5.3614	2.8823e-07	5.3611e-05	3.3823	0.00049174	0.053027	9	-0.024618	0.36525	0.71515	35	3.8048	0.00066348	0.061703
"KEGG_OTHER_GLYCAN_DEGRADATION"	15	-1.8298	0.94565	1	1.8298	0.054348	0.32681	-0.049947	0.46051	0.70992	3	0.27465	0.32105	0.7109	12	-0.19317	0.59542	0.93247
"KEGG_O_GLYCAN_BIOSYNTHESIS"	24	-0.25727	0.44239	0.96806	0.25727	0.55761	1	1.5029	0.053724	0.34653	13	0.60378	0.15955	0.58191	11	1.5635	0.09634	0.64473
"KEGG_AMINO_SUGAR_AND_NUCLEOTIDE_SUGAR_METABOLISM"	43	-2.7889	0.98994	1	2.7889	0.010064	0.18139	0.5257	0.23334	0.574	12	-0.27104	0.45864	0.78988	31	0.78778	0.2878	0.75395
"KEGG_GLYCOSAMINOGLYCAN_DEGRADATION"	20	-1.2047	0.80756	1	1.2047	0.19244	0.58856	-1.8958	0.94319	0.98985	6	-1.6413	0.90638	0.93411	14	-1.1914	0.87791	0.99973
"KEGG_GLYCOSAMINOGLYCAN_BIOSYNTHESIS_CHONDROITIN_SULFATE"	22	-1.4817	0.88397	1	1.4817	0.11603	0.47959	-0.56713	0.62307	0.81813	9	-1.4737	0.84506	0.93411	13	0.48841	0.37436	0.78238
"KEGG_GLYCOSAMINOGLYCAN_BIOSYNTHESIS_KERATAN_SULFATE"	14	-1.7796	0.93148	1	1.7796	0.068518	0.37483	1.2966	0.07747	0.36947	5	-0.12546	0.44421	0.78809	9	1.7107	0.069453	0.64473
"KEGG_GLYCOSAMINOGLYCAN_BIOSYNTHESIS_HEPARAN_SULFATE"	24	-2.2175	0.96398	1	2.2175	0.03602	0.26799	-0.56257	0.6385	0.8305	8	-1.676	0.90734	0.93411	16	0.49609	0.36593	0.7794
"KEGG_GLYCEROLIPID_METABOLISM"	38	0.79101	0.11915	0.6139	-0.79101	0.88085	1	-1.0418	0.75443	0.90196	21	-0.34016	0.41409	0.7702	17	-1.1795	0.86929	0.99973
"KEGG_INOSITOL_PHOSPHATE_METABOLISM"	51	-0.56236	0.51949	1	0.56236	0.48051	0.96059	-0.86926	0.69086	0.87215	24	-0.89248	0.58831	0.86846	27	-0.35325	0.67922	0.96206
"KEGG_GLYCOSYLPHOSPHATIDYLINOSITOL_GPI_ANCHOR_BIOSYNTHESIS"	23	-1.4351	0.8574	1	1.4351	0.1426	0.53234	1.6081	0.050909	0.34653	8	1.0217	0.094541	0.52322	15	1.2451	0.15673	0.68758
"KEGG_GLYCEROPHOSPHOLIPID_METABOLISM"	64	0.32107	0.17913	0.71379	-0.32107	0.82087	1	-0.94902	0.71242	0.87557	33	-0.88562	0.55879	0.86142	31	-0.44985	0.71912	0.9715
"KEGG_ETHER_LIPID_METABOLISM"	25	0.29994	0.24553	0.73618	-0.29994	0.75447	1	-1.5923	0.91241	0.97534	15	-1.6399	0.86152	0.93411	10	-0.50925	0.73124	0.9715
"KEGG_ARACHIDONIC_ACID_METABOLISM"	52	-0.55405	0.5115	1	0.55405	0.4885	0.96059	-2.8818	0.99312	1	29	-3.2983	0.99579	1	23	-0.62952	0.76467	0.98365
"KEGG_LINOLEIC_ACID_METABOLISM"	24	0.20543	0.27301	0.7694	-0.20543	0.72699	1	-1.7318	0.92873	0.98552	13	-1.1671	0.75072	0.93411	11	-1.2892	0.89764	0.99973
"KEGG_ALPHA_LINOLENIC_ACID_METABOLISM"	14	-0.074298	0.43558	0.96806	0.074298	0.56442	1	-1.5683	0.90174	0.97514	8	-1.5452	0.88428	0.93411	6	-0.61145	0.72305	0.9715
"KEGG_SPHINGOLIPID_METABOLISM"	34	-2.4193	0.97201	1	2.4193	0.027992	0.24793	0.35505	0.28084	0.60887	13	-1.0151	0.70303	0.93411	21	1.2505	0.16285	0.68758
"KEGG_GLYCOSPHINGOLIPID_BIOSYNTHESIS_LACTO_AND_NEOLACTO_SERIES"	24	-1.9997	0.94329	1	1.9997	0.056714	0.32965	0.40555	0.28563	0.60887	9	-0.79228	0.64653	0.91069	15	1.1267	0.18499	0.68758
"KEGG_GLYCOSPHINGOLIPID_BIOSYNTHESIS_GLOBO_SERIES"	13	-0.91822	0.77282	1	0.91822	0.22718	0.61523	0.15279	0.39963	0.67574	4	0.51166	0.23724	0.65772	9	-0.15748	0.59386	0.93247
"KEGG_GLYCOSPHINGOLIPID_BIOSYNTHESIS_GANGLIO_SERIES"	15	-0.65472	0.66272	1	0.65472	0.33728	0.80428	-0.24122	0.53052	0.74039	7	-0.65611	0.63364	0.89967	8	0.28344	0.44864	0.8416
"KEGG_PYRUVATE_METABOLISM"	37	-0.63985	0.57846	1	0.63985	0.42154	0.91618	0.71894	0.1825	0.52533	18	-0.15533	0.36963	0.71515	19	1.1545	0.18305	0.68758
"KEGG_GLYOXYLATE_AND_DICARBOXYLATE_METABOLISM"	16	-1.3814	0.86191	1	1.3814	0.13809	0.53234	1.1258	0.11787	0.45676	7	-0.209	0.4546	0.78988	9	1.6854	0.072608	0.64473
"KEGG_PROPANOATE_METABOLISM"	31	0.25988	0.25749	0.74834	-0.25988	0.74251	1	1.3415	0.060194	0.34653	13	2.0177	0.0098485	0.14091	18	0.045755	0.54762	0.93171
"KEGG_BUTANOATE_METABOLISM"	33	0.95111	0.092265	0.55359	-0.95111	0.90773	1	-0.18976	0.46959	0.71593	19	0.29335	0.20046	0.62308	14	-0.63308	0.74275	0.97341
"KEGG_ONE_CARBON_POOL_BY_FOLATE"	17	-0.077146	0.4157	0.9665	0.077146	0.5843	1	2.2903	0.012079	0.27808	7	2.1611	0.0057207	0.11823	10	1.1781	0.17505	0.68758
"KEGG_RIBOFLAVIN_METABOLISM"	15	0.84124	0.13837	0.61837	-0.84124	0.86163	1	1.7448	0.040227	0.34653	8	1.9378	0.013588	0.18052	7	0.48254	0.35568	0.7794
"KEGG_NICOTINATE_AND_NICOTINAMIDE_METABOLISM"	22	-0.83506	0.70484	1	0.83506	0.29516	0.73199	-0.082682	0.44449	0.70783	10	-0.98191	0.71198	0.93411	12	0.7844	0.26764	0.71115
"KEGG_PANTOTHENATE_AND_COA_BIOSYNTHESIS"	16	0.86921	0.13531	0.61837	-0.86921	0.86469	1	1.0148	0.13989	0.46624	8	1.823	0.018008	0.2233	8	-0.38786	0.68578	0.96206
"KEGG_FOLATE_BIOSYNTHESIS"	10	-0.82514	0.74022	1	0.82514	0.25978	0.67199	-0.64295	0.69865	0.87215	4	-0.72025	0.6812	0.93411	6	-0.24197	0.60324	0.93247
"KEGG_RETINOL_METABOLISM"	51	0.47849	0.17046	0.71379	-0.47849	0.82954	1	0.48241	0.23961	0.5788	26	0.70684	0.10881	0.54552	25	-0.03181	0.58653	0.93247
"KEGG_PORPHYRIN_AND_CHLOROPHYLL_METABOLISM"	31	0.4459	0.19964	0.71379	-0.4459	0.80036	1	1.5765	0.037441	0.34653	15	1.6337	0.023186	0.22821	16	0.61265	0.32696	0.7794
"KEGG_TERPENOID_BACKBONE_BIOSYNTHESIS"	15	-2.2912	0.98073	1	2.2912	0.019271	0.23234	1.0629	0.13102	0.46624	3	0.27584	0.32064	0.7109	12	1.0505	0.19643	0.68758
"KEGG_LIMONENE_AND_PINENE_DEGRADATION"	9	1.8877	0.01396	0.18546	-1.8877	0.98604	1	0.62189	0.22323	0.56833	6	1.4358	0.042039	0.3244	3	-0.95344	0.81728	0.98365
"KEGG_NITROGEN_METABOLISM"	21	0.97542	0.099276	0.57704	-0.97542	0.90072	1	0.30918	0.32076	0.61222	12	1.0776	0.077655	0.46593	9	-0.77206	0.78885	0.98365
"KEGG_SULFUR_METABOLISM"	12	-0.56616	0.62782	1	0.56616	0.37218	0.85464	-0.97216	0.77588	0.90196	5	-0.9597	0.75238	0.93411	7	-0.46176	0.68976	0.96206
"KEGG_AMINOACYL_TRNA_BIOSYNTHESIS"	40	-4.2295	0.99988	1	4.2295	0.0001246	0.0077249	2.2391	0.0087328	0.24623	10	-0.27306	0.44913	0.78809	30	2.7432	0.00924	0.28644
"KEGG_METABOLISM_OF_XENOBIOTICS_BY_CYTOCHROME_P450"	55	0.22314	0.23972	0.73618	-0.22314	0.76028	1	1.4669	0.044567	0.34653	31	0.4014	0.14798	0.57048	24	1.7644	0.077923	0.64473
"KEGG_DRUG_METABOLISM_CYTOCHROME_P450"	57	1.2073	0.045942	0.47473	-1.2073	0.95406	1	1.3127	0.059537	0.34653	33	1.3667	0.019582	0.22764	24	0.42049	0.41066	0.80403
"KEGG_DRUG_METABOLISM_OTHER_ENZYMES"	42	-0.63712	0.5556	1	0.63712	0.4444	0.93929	1.1685	0.082055	0.3716	18	1.1326	0.05612	0.38661	24	0.56487	0.36165	0.7794
"KEGG_BIOSYNTHESIS_OF_UNSATURATED_FATTY_ACIDS"	20	-0.83422	0.69179	1	0.83422	0.30821	0.7445	-1.3466	0.85404	0.93995	9	-1.7416	0.8974	0.93411	11	-0.24043	0.62667	0.94764
"KEGG_ABC_TRANSPORTERS"	43	-1.9042	0.9242	1	1.9042	0.075796	0.39161	1.3175	0.068163	0.35772	17	0.2933	0.2186	0.65392	26	1.4571	0.11742	0.67216
"KEGG_RIBOSOME"	83	4.101	1.2649e-06	7.8423e-05	-4.101	1	1	1.6386	0.027155	0.33672	57	2.4653	0.00042293	0.015733	26	-0.72246	0.77818	0.98365
"KEGG_RNA_DEGRADATION"	55	-0.39558	0.45347	0.98076	0.39558	0.54653	1	0.5928	0.1935	0.52758	28	-0.11957	0.2987	0.70328	27	0.96784	0.23289	0.68758
"KEGG_RNA_POLYMERASE"	29	-1.9866	0.94553	1	1.9866	0.054469	0.32681	1.2649	0.083909	0.3716	7	1.4313	0.037104	0.3244	22	0.64492	0.33649	0.7794
"KEGG_BASAL_TRANSCRIPTION_FACTORS"	30	-0.10401	0.39253	0.93604	0.10401	0.60747	1	-1.4543	0.88999	0.96877	17	-1.8395	0.90933	0.93411	13	-0.10566	0.58444	0.93247
"KEGG_DNA_REPLICATION"	36	-2.3914	0.97542	1	2.3914	0.024581	0.23234	0.92524	0.13337	0.46624	13	-0.63655	0.56965	0.86142	23	1.6361	0.090182	0.64473
"KEGG_SPLICEOSOME"	120	-2.833	0.97718	1	2.833	0.022824	0.23234	0.41878	0.19367	0.52758	45	-0.45356	0.37758	0.71515	75	0.88105	0.26741	0.71115
"KEGG_PROTEASOME"	40	-2.4522	0.97514	1	2.4522	0.024859	0.23234	-0.024652	0.3983	0.67574	11	-0.38228	0.49827	0.83017	29	0.20649	0.49539	0.89459
"KEGG_PROTEIN_EXPORT"	20	-0.040476	0.38682	0.93439	0.040476	0.61318	1	1.1976	0.081799	0.3716	11	0.70493	0.14658	0.57048	9	1.006	0.20269	0.68758
"KEGG_PPAR_SIGNALING_PATHWAY"	66	0.87466	0.070698	0.55359	-0.87466	0.9293	1	1.8649	0.020754	0.27808	34	2.0153	0.0043825	0.10189	32	0.60095	0.36725	0.7794
"KEGG_BASE_EXCISION_REPAIR"	33	-3.3925	0.99758	1	3.3925	0.0024189	0.074987	3.2183	0.00057018	0.053027	13	-0.55495	0.53919	0.84381	20	4.5814	3.3653e-05	0.0062594
"KEGG_NUCLEOTIDE_EXCISION_REPAIR"	43	-1.8035	0.90867	1	1.8035	0.091329	0.44713	0.83519	0.15253	0.48085	21	-1.4121	0.79274	0.93411	22	2.5473	0.014996	0.28687
"KEGG_MISMATCH_REPAIR"	23	-1.3629	0.84073	1	1.3629	0.15927	0.55893	1.8441	0.031946	0.34653	9	0.75931	0.14003	0.56986	14	1.7549	0.061639	0.64473
"KEGG_HOMOLOGOUS_RECOMBINATION"	26	-1.2614	0.79766	1	1.2614	0.20234	0.58856	0.20577	0.32227	0.61222	13	-1.3182	0.79374	0.93411	13	1.6092	0.09225	0.64473
"KEGG_NON_HOMOLOGOUS_END_JOINING"	11	-0.11963	0.46083	0.98499	0.11963	0.53917	1	0.91286	0.14558	0.46686	6	0.21258	0.30275	0.7039	5	1.1211	0.17694	0.68758
"KEGG_MAPK_SIGNALING_PATHWAY"	247	-1.2087	0.54251	1	1.2087	0.45749	0.94549	-0.76642	0.54615	0.75248	120	-1.5586	0.5695	0.86142	127	0.44621	0.45247	0.8416
"KEGG_ERBB_SIGNALING_PATHWAY"	85	-2.9331	0.98927	1	2.9331	0.010728	0.18139	0.13484	0.28898	0.60887	33	-1.1308	0.65119	0.91069	52	1.0732	0.22805	0.68758
"KEGG_CALCIUM_SIGNALING_PATHWAY"	163	1.398	0.010884	0.17478	-1.398	0.98912	1	-2.9993	0.98972	1	98	-2.3711	0.86264	0.93411	65	-1.8382	0.97202	0.99973
"KEGG_CYTOKINE_CYTOKINE_RECEPTOR_INTERACTION"	214	0.49011	0.073513	0.55359	-0.49011	0.92649	1	-0.070694	0.28987	0.60887	119	-1.1723	0.44856	0.78809	95	1.2059	0.22654	0.68758
"KEGG_CHEMOKINE_SIGNALING_PATHWAY"	169	-1.2944	0.64615	1	1.2944	0.35385	0.8227	0.43588	0.18358	0.52533	81	-0.69332	0.35127	0.71515	88	1.2692	0.20133	0.68758
"KEGG_PHOSPHATIDYLINOSITOL_SIGNALING_SYSTEM"	71	-0.21361	0.36561	0.92237	0.21361	0.63439	1	-1.358	0.80361	0.91701	35	-1.1267	0.63311	0.89967	36	-0.7962	0.81977	0.98365
"KEGG_NEUROACTIVE_LIGAND_RECEPTOR_INTERACTION"	219	1.6117	0.0042919	0.079829	-1.6117	0.99571	1	-5.2114	0.99999	1	130	-3.8966	0.99379	1	89	-3.4655	0.99973	0.99973
"KEGG_CELL_CYCLE"	122	2.6039	0.00042944	0.011411	-2.6039	0.99957	1	0.44272	0.19855	0.52758	73	1.2666	0.0090602	0.14091	49	-0.84735	0.83078	0.98365
"KEGG_OOCYTE_MEIOSIS"	104	0.56676	0.090342	0.55359	-0.56676	0.90966	1	0.82562	0.11298	0.44712	59	0.21438	0.13556	0.56986	45	1.0097	0.22711	0.68758
"KEGG_P53_SIGNALING_PATHWAY"	65	1.722	0.011442	0.17478	-1.722	0.98856	1	0.29781	0.26452	0.59278	37	1.5004	0.0093045	0.14091	28	-1.271	0.91306	0.99973
"KEGG_UBIQUITIN_MEDIATED_PROTEOLYSIS"	131	0.080073	0.20493	0.71379	-0.080073	0.79507	1	1.3468	0.044209	0.34653	71	0.30045	0.09033	0.52322	60	1.6633	0.10052	0.64473
"KEGG_SNARE_INTERACTIONS_IN_VESICULAR_TRANSPORT"	37	-1.1153	0.75005	1	1.1153	0.24995	0.66414	-0.017866	0.42309	0.69642	14	0.02655	0.31777	0.7109	23	-0.043375	0.57464	0.93247
"KEGG_REGULATION_OF_AUTOPHAGY"	20	-0.57985	0.59802	1	0.57985	0.40198	0.90082	1.2384	0.076031	0.36947	8	0.88581	0.11892	0.56717	12	0.8755	0.24189	0.70099
"KEGG_LYSOSOME"	117	-2.6167	0.95891	1	2.6167	0.04109	0.28306	-0.8527	0.64526	0.83346	43	-1.3988	0.7177	0.93411	74	-0.005907	0.59643	0.93247
"KEGG_ENDOCYTOSIS"	170	-3.013	0.98368	1	3.013	0.016322	0.21686	-0.43989	0.46092	0.70992	71	-2.0372	0.83464	0.93411	99	1.1488	0.22326	0.68758
"KEGG_PEROXISOME"	76	-0.083464	0.30105	0.80942	0.083464	0.69895	1	0.11083	0.31657	0.61222	35	0.30416	0.163	0.58305	41	-0.13013	0.61162	0.93247
"KEGG_MTOR_SIGNALING_PATHWAY"	48	-1.5147	0.84536	1	1.5147	0.15464	0.55532	0.00038533	0.38778	0.67373	16	0.24721	0.22852	0.65392	32	-0.17433	0.64615	0.94856
"KEGG_APOPTOSIS"	83	-1.741	0.8749	1	1.741	0.1251	0.50582	0.38715	0.22611	0.56833	37	-0.77533	0.49097	0.83017	46	1.2154	0.18727	0.68758
"KEGG_CARDIAC_MUSCLE_CONTRACTION"	68	3.4666	3.5933e-05	0.0013367	-3.4666	0.99996	1	0.25722	0.31272	0.61222	43	1.9727	0.0035777	0.095065	25	-2.163	0.98502	0.99973
"KEGG_VASCULAR_SMOOTH_MUSCLE_CONTRACTION"	106	0.68997	0.080155	0.55359	-0.68997	0.91984	1	-0.85572	0.67914	0.87117	59	-0.49799	0.33779	0.71515	47	-0.72714	0.79961	0.98365
"KEGG_WNT_SIGNALING_PATHWAY"	143	-1.5983	0.77177	1	1.5983	0.22823	0.61523	-0.029756	0.32257	0.61222	74	-2.1079	0.84604	0.93411	69	2.1401	0.043453	0.5773
"KEGG_DORSO_VENTRAL_AXIS_FORMATION"	23	3.0015e-05	0.36404	0.92237	-3.0015e-05	0.63596	1	0.17437	0.37479	0.66767	11	0.48358	0.20099	0.62308	12	-0.22159	0.6051	0.93247
"KEGG_NOTCH_SIGNALING_PATHWAY"	46	-1.2884	0.79748	1	1.2884	0.20252	0.58856	1.3642	0.058501	0.34653	19	0.77077	0.095642	0.52322	27	1.134	0.18952	0.68758
"KEGG_HEDGEHOG_SIGNALING_PATHWAY"	53	-0.60317	0.54667	1	0.60317	0.45333	0.94549	-0.29549	0.49203	0.72648	26	-0.88478	0.61768	0.89757	27	0.45424	0.39557	0.79885
"KEGG_TGF_BETA_SIGNALING_PATHWAY"	83	-1.4796	0.8127	1	1.4796	0.1873	0.58856	-1.3882	0.81906	0.92513	37	-1.8887	0.86814	0.93411	46	-0.17073	0.64218	0.94856
"KEGG_AXON_GUIDANCE"	124	-1.8732	0.85791	1	1.8732	0.14209	0.53234	-0.080966	0.334	0.62752	55	-1.398	0.70244	0.93411	69	1.1396	0.21245	0.68758
"KEGG_VEGF_SIGNALING_PATHWAY"	69	0.10743	0.26737	0.76508	-0.10743	0.73263	1	-2.5584	0.98181	1	35	-1.8951	0.85318	0.93411	34	-1.7219	0.95399	0.99973
"KEGG_FOCAL_ADHESION"	193	-0.66458	0.36696	0.92237	0.66458	0.63304	1	-0.2863	0.3805	0.66767	90	-0.085287	0.13244	0.56986	103	-0.31218	0.73007	0.9715
"KEGG_ECM_RECEPTOR_INTERACTION"	82	0.23709	0.18572	0.71379	-0.23709	0.81428	1	-1.4669	0.84517	0.93647	44	-1.5163	0.76996	0.93411	38	-0.52319	0.74314	0.97341
"KEGG_CELL_ADHESION_MOLECULES_CAMS"	122	0.37155	0.12046	0.6139	-0.37155	0.87954	1	-0.9806	0.68801	0.87215	66	-0.6694	0.37571	0.71515	56	-0.72066	0.8164	0.98365
"KEGG_ADHERENS_JUNCTION"	67	-1.483	0.81302	1	1.483	0.18698	0.58856	-0.26786	0.44525	0.70783	30	-1.2185	0.68882	0.93411	37	0.73675	0.32571	0.7794
"KEGG_TIGHT_JUNCTION"	121	-1.7151	0.83161	1	1.7151	0.16839	0.55928	-1.2	0.76614	0.90196	59	-2.362	0.91402	0.93411	62	0.62774	0.36875	0.7794
"KEGG_GAP_JUNCTION"	80	-0.49877	0.42759	0.96806	0.49877	0.57241	1	0.53438	0.19595	0.52758	39	0.134	0.17689	0.58775	41	0.61576	0.34829	0.7794
"KEGG_COMPLEMENT_AND_COAGULATION_CASCADES"	66	-2.4379	0.96467	1	2.4379	0.03533	0.26799	-0.40961	0.52512	0.74039	24	-1.3661	0.75296	0.93411	42	0.5192	0.38773	0.79497
"KEGG_ANTIGEN_PROCESSING_AND_PRESENTATION"	61	-1.8043	0.9026	1	1.8043	0.097401	0.45292	0.55779	0.20243	0.52855	26	-0.57349	0.49989	0.83017	35	1.2307	0.18649	0.68758
"KEGG_RENIN_ANGIOTENSIN_SYSTEM"	16	-0.28971	0.51052	1	0.28971	0.48948	0.96059	0.022457	0.44302	0.70783	8	-0.010691	0.38064	0.71515	8	0.04245	0.53624	0.92353
"KEGG_TOLL_LIKE_RECEPTOR_SIGNALING_PATHWAY"	80	-0.66258	0.49241	1	0.66258	0.50759	0.97333	-0.025865	0.37728	0.66767	36	0.24561	0.15638	0.58174	44	-0.25704	0.67247	0.96206
"KEGG_NOD_LIKE_RECEPTOR_SIGNALING_PATHWAY"	56	0.30782	0.20425	0.71379	-0.30782	0.79575	1	-0.41404	0.52546	0.74039	29	-0.083776	0.29556	0.70328	27	-0.50947	0.72802	0.9715
"KEGG_RIG_I_LIKE_RECEPTOR_SIGNALING_PATHWAY"	51	0.3362	0.2074	0.71379	-0.3362	0.7926	1	-1.9864	0.93254	0.98552	29	-1.875	0.89067	0.93411	22	-0.87175	0.83439	0.98365
"KEGG_CYTOSOLIC_DNA_SENSING_PATHWAY"	36	-1.7056	0.8989	1	1.7056	0.1011	0.45356	-0.4596	0.56302	0.77002	13	-0.79481	0.62741	0.89967	23	0.022553	0.55101	0.93171
"KEGG_JAK_STAT_SIGNALING_PATHWAY"	123	-1.9997	0.8888	1	1.9997	0.1112	0.47531	0.052263	0.30858	0.61222	51	-0.47921	0.35165	0.71515	72	0.47162	0.42506	0.82355
"KEGG_HEMATOPOIETIC_CELL_LINEAGE"	83	2.305	0.0018334	0.03789	-2.305	0.99817	1	-0.60876	0.572	0.77119	51	0.40539	0.10887	0.54552	32	-1.4922	0.94394	0.99973
"KEGG_NATURAL_KILLER_CELL_MEDIATED_CYTOTOXICITY"	113	-1.9937	0.88756	1	1.9937	0.11244	0.47531	-0.94364	0.69841	0.87215	50	-2.2123	0.90919	0.93411	63	0.70706	0.32607	0.7794
"KEGG_T_CELL_RECEPTOR_SIGNALING_PATHWAY"	104	-0.39841	0.36125	0.92237	0.39841	0.63875	1	-1.4092	0.82565	0.92513	54	-1.6687	0.75929	0.93411	50	-0.29823	0.69027	0.96206
"KEGG_B_CELL_RECEPTOR_SIGNALING_PATHWAY"	72	-0.79811	0.56426	1	0.79811	0.43574	0.93159	-1.8591	0.9086	0.97534	34	-1.8882	0.87301	0.93411	38	-0.77303	0.81436	0.98365
"KEGG_FC_EPSILON_RI_SIGNALING_PATHWAY"	71	-1.4039	0.79916	1	1.4039	0.20084	0.58856	-1.1673	0.75091	0.90196	32	-1.7865	0.86423	0.93411	39	0.043257	0.56046	0.93247
"KEGG_FC_GAMMA_R_MEDIATED_PHAGOCYTOSIS"	83	-1.5615	0.83397	1	1.5615	0.16603	0.55928	-0.42984	0.50551	0.73457	37	-1.3809	0.72493	0.93411	46	0.66109	0.3493	0.7794
"KEGG_LEUKOCYTE_TRANSENDOTHELIAL_MIGRATION"	108	0.25522	0.16166	0.69926	-0.25522	0.83834	1	-3.0406	0.99047	1	54	-1.5589	0.72515	0.93411	54	-2.7412	0.99594	0.99973
"KEGG_INTESTINAL_IMMUNE_NETWORK_FOR_IGA_PRODUCTION"	42	0.31641	0.20986	0.71379	-0.31641	0.79014	1	0.69357	0.17296	0.51064	21	1.1954	0.044867	0.3244	21	-0.2145	0.63949	0.94856
"KEGG_CIRCADIAN_RHYTHM_MAMMAL"	13	-1.7513	0.94702	1	1.7513	0.052979	0.32681	1.1239	0.12382	0.46061	4	0.12232	0.36681	0.71515	9	1.2692	0.1414	0.68758
"KEGG_LONG_TERM_POTENTIATION"	64	0.13869	0.23058	0.73618	-0.13869	0.76942	1	0.3805	0.24316	0.57983	35	-0.0082187	0.24399	0.65772	29	0.57429	0.36345	0.7794
"KEGG_NEUROTROPHIN_SIGNALING_PATHWAY"	123	-2.7799	0.97791	1	2.7799	0.022085	0.23234	0.72096	0.13161	0.46624	49	-0.5214	0.36916	0.71515	74	1.3538	0.1516	0.68758
"KEGG_LONG_TERM_DEPRESSION"	61	-0.046436	0.30462	0.80942	0.046436	0.69538	1	-1.5723	0.89064	0.96877	35	-1.7043	0.80889	0.93411	26	-0.4309	0.6931	0.96206
"KEGG_OLFACTORY_TRANSDUCTION"	86	1.36	0.019367	0.23753	-1.36	0.98063	1	-6.7361	1	1	64	-5.9241	1	1	22	-3.2139	0.99911	0.99973
"KEGG_TASTE_TRANSDUCTION"	38	1.6798	0.020432	0.23753	-1.6798	0.97957	1	-0.63936	0.62382	0.81813	27	-0.7882	0.53985	0.84381	11	0.046524	0.52569	0.92353
"KEGG_REGULATION_OF_ACTIN_CYTOSKELETON"	196	-0.19642	0.21417	0.71379	0.19642	0.78583	1	-0.93634	0.61289	0.81813	90	0.47428	0.045346	0.3244	106	-1.7103	0.9739	0.99973
"KEGG_INSULIN_SIGNALING_PATHWAY"	131	-4.5519	0.99992	1	4.5519	7.7561e-05	0.0072132	0.57039	0.15822	0.49047	42	-1.4566	0.72656	0.93411	89	1.6926	0.096094	0.64473
"KEGG_GNRH_SIGNALING_PATHWAY"	93	-2.0311	0.90625	1	2.0311	0.093753	0.44713	-0.034085	0.36944	0.66754	44	-1.8431	0.8568	0.93411	49	1.6996	0.091807	0.64473
"KEGG_PROGESTERONE_MEDIATED_OOCYTE_MATURATION"	82	0.23004	0.18765	0.71379	-0.23004	0.81235	1	1.1552	0.07377	0.36947	41	1.0179	0.040353	0.3244	41	0.61586	0.34825	0.7794
"KEGG_MELANOGENESIS"	93	-1.2785	0.72019	1	1.2785	0.27981	0.7033	0.37927	0.23454	0.574	50	-1.9776	0.86521	0.93411	43	2.6903	0.01168	0.28687
"KEGG_ADIPOCYTOKINE_SIGNALING_PATHWAY"	66	-2.4503	0.96561	1	2.4503	0.034386	0.26799	-0.32006	0.49213	0.72648	25	-1.7949	0.88135	0.93411	41	0.99553	0.23182	0.68758
"KEGG_TYPE_II_DIABETES_MELLITUS"	44	-1.3644	0.80858	1	1.3644	0.19142	0.58856	-3.1379	0.99605	1	17	-2.7269	0.98665	1	27	-1.8419	0.96501	0.99973
"KEGG_TYPE_I_DIABETES_MELLITUS"	38	0.53314	0.17668	0.71379	-0.53314	0.82332	1	-1.0998	0.77106	0.90196	20	-0.14074	0.32637	0.71417	18	-1.4497	0.93737	0.99973
"KEGG_MATURITY_ONSET_DIABETES_OF_THE_YOUNG"	19	0.32605	0.24786	0.73618	-0.32605	0.75214	1	-0.77946	0.72165	0.8773	12	-1.1469	0.77384	0.93411	7	0.21748	0.4494	0.8416
"KEGG_ALDOSTERONE_REGULATED_SODIUM_REABSORPTION"	39	-0.16186	0.37592	0.92305	0.16186	0.62408	1	-2.4316	0.9826	1	20	-1.7467	0.877	0.93411	19	-1.6917	0.96071	0.99973
"KEGG_VASOPRESSIN_REGULATED_WATER_REABSORPTION"	41	-1.8219	0.92678	1	1.8219	0.073216	0.38909	1.2942	0.061639	0.34653	19	-0.74076	0.56794	0.86142	22	2.4552	0.018508	0.28687
"KEGG_PROXIMAL_TUBULE_BICARBONATE_RECLAMATION"	22	-0.23408	0.47131	0.98499	0.23408	0.52869	1	-1.1214	0.7973	0.91542	9	0.30717	0.25596	0.66124	13	-1.7144	0.95137	0.99973
"KEGG_ALZHEIMERS_DISEASE"	149	2.8001	0.00011074	0.0034329	-2.8001	0.99989	1	1.2556	0.04203	0.34653	81	2.9531	2.3294e-05	0.0014442	68	-1.3645	0.93987	0.99973
"KEGG_PARKINSONS_DISEASE"	105	4.3164	2.0952e-07	1.9486e-05	-4.3164	1	1	2.0968	0.0092667	0.24623	63	4.1885	1.3856e-07	1.2886e-05	42	-1.8146	0.97393	0.99973
"KEGG_AMYOTROPHIC_LATERAL_SCLEROSIS_ALS"	49	0.24539	0.2404	0.73618	-0.24539	0.7596	1	-0.35272	0.50462	0.73457	28	-0.66459	0.51305	0.83708	21	0.22861	0.48079	0.88541
"KEGG_HUNTINGTONS_DISEASE"	163	3.1999	2.7568e-05	0.0012819	-3.1999	0.99997	1	2.2129	0.0043848	0.16312	86	4.2422	5.222e-08	9.713e-06	77	-1.2636	0.92265	0.99973
"KEGG_PRION_DISEASES"	33	-1.5024	0.84475	1	1.5024	0.15525	0.55532	0.75812	0.16854	0.50563	12	-0.062872	0.37936	0.71515	21	0.99788	0.2261	0.68758
"KEGG_VIBRIO_CHOLERAE_INFECTION"	48	-1.3365	0.79789	1	1.3365	0.20211	0.58856	-0.2647	0.48087	0.72648	20	-0.66007	0.52818	0.84253	28	0.21129	0.48789	0.88968
"KEGG_EPITHELIAL_CELL_SIGNALING_IN_HELICOBACTER_PYLORI_INFECTION"	62	-0.8568	0.60984	1	0.8568	0.39016	0.885	-1.1368	0.76677	0.90196	25	-0.45084	0.434	0.78809	37	-1.101	0.89888	0.99973
"KEGG_PATHOGENIC_ESCHERICHIA_COLI_INFECTION"	48	-2.2195	0.95899	1	2.2195	0.041009	0.28306	0.78782	0.16121	0.49157	17	0.12204	0.27185	0.67419	31	0.88994	0.25658	0.71115
"KEGG_LEISHMANIA_INFECTION"	66	-0.29511	0.37716	0.92305	0.29511	0.62284	1	-1.3443	0.82292	0.92513	37	-2.0984	0.90863	0.93411	29	0.34224	0.44583	0.8416
"KEGG_PATHWAYS_IN_CANCER"	306	-1.0698	0.43907	0.96806	1.0698	0.56093	1	1.494	0.015777	0.27808	147	0.31314	0.041202	0.3244	159	1.7715	0.10913	0.67216
"KEGG_COLORECTAL_CANCER"	62	-0.98638	0.65773	1	0.98638	0.34227	0.80586	-0.014348	0.36966	0.66754	27	-0.25744	0.33911	0.71515	35	0.20702	0.51251	0.9166
"KEGG_RENAL_CELL_CARCINOMA"	65	0.21209	0.21475	0.71379	-0.21209	0.78525	1	1.8139	0.020093	0.27808	29	2.5577	0.00083472	0.025876	36	0.1418	0.53147	0.92353
"KEGG_PANCREATIC_CANCER"	68	0.15261	0.23163	0.73618	-0.15261	0.76837	1	0.16617	0.34311	0.63187	33	0.42278	0.12795	0.56986	35	-0.1789	0.64767	0.94856
"KEGG_ENDOMETRIAL_CANCER"	52	-3.3898	0.99705	1	3.3898	0.0029506	0.078402	-0.022836	0.41803	0.69423	16	-1.6493	0.8763	0.93411	36	1.0721	0.22671	0.68758
"KEGG_GLIOMA"	63	-1.2067	0.72892	1	1.2067	0.27108	0.69071	0.76974	0.14288	0.46624	29	-0.19299	0.33379	0.71515	34	1.226	0.16518	0.68758
"KEGG_PROSTATE_CANCER"	85	-1.4151	0.78915	1	1.4151	0.21085	0.60209	0.46417	0.19295	0.52758	39	-0.82846	0.50455	0.8305	46	1.3938	0.14705	0.68758
"KEGG_THYROID_CANCER"	27	-2.6103	0.98371	1	2.6103	0.016288	0.21686	1.4134	0.052348	0.34653	6	0.5964	0.185	0.59327	21	1.2838	0.15546	0.68758
"KEGG_BASAL_CELL_CARCINOMA"	52	-1.3503	0.78636	1	1.3503	0.21364	0.60209	-0.14179	0.46183	0.70992	26	-1.7753	0.87631	0.93411	26	1.5748	0.097922	0.64473
"KEGG_MELANOMA"	67	0.60873	0.11732	0.6139	-0.60873	0.88268	1	0.25165	0.26286	0.59278	35	0.56026	0.11145	0.54552	32	-0.2218	0.66226	0.96206
"KEGG_BLADDER_CANCER"	40	-1.1882	0.77425	1	1.1882	0.22575	0.61523	1.2827	0.069236	0.35772	18	-0.018686	0.3206	0.7109	22	1.7465	0.075735	0.64473
"KEGG_CHRONIC_MYELOID_LEUKEMIA"	72	-2.1914	0.94019	1	2.1914	0.059813	0.33713	1.4272	0.041582	0.34653	30	-0.037895	0.25331	0.66124	42	1.9007	0.054397	0.63236
"KEGG_ACUTE_MYELOID_LEUKEMIA"	55	-4.1362	0.99972	1	4.1362	0.00027821	0.012937	1.0454	0.097246	0.40576	17	-1.8031	0.9033	0.93411	38	2.4638	0.01293	0.28687
"KEGG_SMALL_CELL_LUNG_CANCER"	83	-0.51211	0.46737	0.98499	0.51211	0.53263	1	0.91136	0.10695	0.43245	40	0.32143	0.15029	0.57048	43	0.95616	0.24497	0.70099
"KEGG_NON_SMALL_CELL_LUNG_CANCER"	52	-1.6341	0.8569	1	1.6341	0.1431	0.53234	0.91305	0.13981	0.46624	21	0.066624	0.27124	0.67419	31	1.1277	0.19134	0.68758
"KEGG_ASTHMA"	23	1.0089	0.089573	0.55359	-1.0089	0.91043	1	-0.51885	0.62459	0.81813	14	0.12996	0.28215	0.68156	9	-0.99153	0.84236	0.9854
"KEGG_AUTOIMMUNE_THYROID_DISEASE"	33	1.1767	0.061518	0.55359	-1.1767	0.93848	1	-0.031242	0.41135	0.68928	18	1.0178	0.069931	0.43524	15	-1.1613	0.89578	0.99973
"KEGG_SYSTEMIC_LUPUS_ERYTHEMATOSUS"	86	0.80227	0.064914	0.55359	-0.80227	0.93509	1	-1.164	0.76197	0.90196	49	-0.68063	0.42663	0.78567	37	-0.99131	0.87943	0.99973
"KEGG_ALLOGRAFT_REJECTION"	32	0.78378	0.1188	0.6139	-0.78378	0.8812	1	-0.39812	0.5334	0.74039	18	0.28353	0.22345	0.65392	14	-0.92339	0.82081	0.98365
"KEGG_GRAFT_VERSUS_HOST_DISEASE"	33	0.69439	0.13963	0.61837	-0.69439	0.86037	1	0.23266	0.31914	0.61222	19	0.41069	0.16986	0.58775	14	-0.12123	0.57212	0.93247
"KEGG_PRIMARY_IMMUNODEFICIENCY"	33	1.0936	0.07175	0.55359	-1.0936	0.92825	1	-0.14335	0.45241	0.70992	20	0.20799	0.21197	0.64634	13	-0.48638	0.71063	0.9715
"KEGG_HYPERTROPHIC_CARDIOMYOPATHY_HCM"	78	0.79903	0.080931	0.55359	-0.79903	0.91907	1	-1.4953	0.84584	0.93647	44	-0.99559	0.58595	0.86846	34	-1.1323	0.87559	0.99973
"KEGG_ARRHYTHMOGENIC_RIGHT_VENTRICULAR_CARDIOMYOPATHY_ARVC"	69	-0.29164	0.41089	0.9665	0.29164	0.58911	1	-2.0622	0.94728	0.98985	36	-2.1536	0.90985	0.93411	33	-0.73255	0.79556	0.98365
"KEGG_DILATED_CARDIOMYOPATHY"	84	0.13219	0.21491	0.71379	-0.13219	0.78509	1	-1.2509	0.78848	0.91091	46	-1.1592	0.60626	0.88791	38	-0.58449	0.76183	0.98365
"KEGG_VIRAL_MYOCARDITIS"	62	-0.38522	0.42677	0.96806	0.38522	0.57323	1	-0.074186	0.3912	0.67373	31	-0.56159	0.44492	0.78809	31	0.45668	0.39943	0.79885
