"Name"	"Genes (tot)"	"Stat (dist.dir.up)"	"p (dist.dir.up)"	"p adj (dist.dir.up)"	"Stat (dist.dir.dn)"	"p (dist.dir.dn)"	"p adj (dist.dir.dn)"	"Stat (non-dir.)"	"p (non-dir.)"	"p adj (non-dir.)"	"Genes (up)"	"Stat (mix.dir.up)"	"p (mix.dir.up)"	"p adj (mix.dir.up)"	"Genes (down)"	"Stat (mix.dir.dn)"	"p (mix.dir.dn)"	"p adj (mix.dir.dn)"
"KEGG_GLYCOLYSIS_GLUCONEOGENESIS"	58	-4.8472	0.99772	1	5.1396	0.0018818	0.010607	15.741	0.014221	0.061512	26	8.032	0.62593	0.9993	32	13.952	3.0035e-05	0.00039904
"KEGG_CITRATE_CYCLE_TCA_CYCLE"	29	-0.99478	0.8817	1	0.99478	0.13152	0.40103	5.1399	0.90592	0.98478	10	5.1933	0.54258	0.9993	19	2.5825	0.93055	0.99792
"KEGG_PENTOSE_PHOSPHATE_PATHWAY"	24	-0.43952	0.78793	1	0.89404	0.17744	0.51567	7.0333	0.54667	0.75608	12	4.2715	0.77117	0.9993	12	5.675	0.19067	0.52932
"KEGG_PENTOSE_AND_GLUCURONATE_INTERCONVERSIONS"	19	-8.7908	0.99992	1	8.7908	9.3992e-05	0.00092013	9.3664	0.07774	0.19808	4	0.8442	0.85016	0.99999	15	10.106	0.0015541	0.010706
"KEGG_FRUCTOSE_AND_MANNOSE_METABOLISM"	33	3.0065	0.36424	0.78777	-2.6189	0.60065	1	11.75	0.062189	0.17796	17	10.215	0.095776	0.40761	16	6.3462	0.19988	0.54672
"KEGG_GALACTOSE_METABOLISM"	24	1.2064	0.58046	1	-0.75192	0.37266	0.88865	8.8131	0.23985	0.44087	12	7.233	0.30299	0.74928	12	5.2306	0.26535	0.64096
"KEGG_ASCORBATE_AND_ALDARATE_METABOLISM"	17	-11.022	1	1	11.022	1.6505e-06	2.3615e-05	9.4795	0.054786	0.16175	0	NA	NA	NA	17	9.4795	0.0052377	0.029521
"KEGG_FATTY_ACID_METABOLISM"	41	-15.285	1	1	15.285	2.7607e-11	1.5488e-09	16.737	0.0004699	0.004162	8	2.5545	0.84666	0.99999	33	17.398	1.7358e-09	8.0713e-08
"KEGG_STEROID_BIOSYNTHESIS"	16	-10.482	1	1	10.482	2.2447e-06	2.9823e-05	10.782	0.010275	0.049004	3	0.87665	0.81154	0.99999	13	11.541	4.7605e-05	0.00052086
"KEGG_PRIMARY_BILE_ACID_BIOSYNTHESIS"	15	-7.9859	0.99983	1	8.4322	0.00012404	0.0011535	13.015	0.00033908	0.0035038	2	7.9203	0.010367	0.086236	13	10.874	0.00019984	0.00177
"KEGG_STEROID_HORMONE_BIOSYNTHESIS"	44	-11.719	1	1	11.719	5.418e-08	9.1613e-07	17.49	0.00023393	0.0025595	10	7.0718	0.25297	0.70141	34	16.061	3.1986e-07	7.4368e-06
"KEGG_OXIDATIVE_PHOSPHORYLATION"	105	-6.1266	0.99985	1	6.1266	0.00021577	0.0019111	11.208	0.97084	1	35	5.5472	0.97795	0.99999	70	9.8049	0.54669	0.83755
"KEGG_PURINE_METABOLISM"	146	0.74742	0.89872	1	-0.74719	0.12002	0.37206	21.869	0.031291	0.10778	73	16.067	0.27861	0.71079	73	14.861	0.0058931	0.032239
"KEGG_PYRIMIDINE_METABOLISM"	93	-5.1449	0.9993	1	5.1449	0.000996	0.0061752	15.455	0.26715	0.46009	41	7.7668	0.91437	0.99999	52	13.772	0.002549	0.016933
"KEGG_ALANINE_ASPARTATE_AND_GLUTAMATE_METABOLISM"	30	1.6422	0.55395	1	-1.5968	0.45894	0.98118	13.09	0.009855	0.048237	14	11.432	0.014462	0.11028	16	7.2302	0.090969	0.30764
"KEGG_GLYCINE_SERINE_AND_THREONINE_METABOLISM"	31	-14.19	1	1	14.19	2.115e-09	5.6198e-08	13.905	0.0044365	0.02427	4	1.5976	0.76367	0.9993	27	14.284	1.1383e-05	0.00017643
"KEGG_CYSTEINE_AND_METHIONINE_METABOLISM"	34	-0.65028	0.82835	1	2.8907	0.043223	0.1546	10.286	0.21825	0.42285	16	7.0876	0.45761	0.94247	18	7.4548	0.089651	0.30764
"KEGG_VALINE_LEUCINE_AND_ISOLEUCINE_DEGRADATION"	43	-14.976	1	1	14.976	3.3308e-11	1.5488e-09	17.144	0.0001806	0.0022395	4	7.0304	0.056853	0.26677	39	15.75	2.7467e-06	4.6444e-05
"KEGG_VALINE_LEUCINE_AND_ISOLEUCINE_BIOSYNTHESIS"	10	2.1941	0.32445	0.73864	-2.1944	0.68457	1	4.5873	0.5263	0.73603	5	5.0179	0.32833	0.77031	5	1.4696	0.73985	0.90691
"KEGG_LYSINE_DEGRADATION"	39	-8.6062	0.99998	1	8.6062	2.0151e-05	0.00023426	11.009	0.20354	0.40276	9	4.0765	0.67662	0.9993	30	10.319	0.01773	0.082446
"KEGG_ARGININE_AND_PROLINE_METABOLISM"	50	0.48015	0.77828	1	-0.48014	0.24546	0.64304	16.747	0.0018233	0.011363	26	11.984	0.10297	0.42826	24	11.699	0.00055431	0.0042959
"KEGG_HISTIDINE_METABOLISM"	27	-6.6342	0.99897	1	6.6342	0.0012027	0.0072161	11.601	0.033341	0.11275	10	4.3179	0.67966	0.9993	17	11.309	0.00016562	0.0015403
"KEGG_TYROSINE_METABOLISM"	37	-7.9864	0.99993	1	7.9864	7.9118e-05	0.00081755	14.48	0.0049639	0.025647	12	6.1895	0.47115	0.94247	25	13.327	3.6979e-05	0.00045854
"KEGG_PHENYLALANINE_METABOLISM"	15	-3.5277	0.96928	1	3.5277	0.035225	0.13371	7.8113	0.17129	0.35798	6	3.4699	0.6111	0.9993	9	7.2512	0.020246	0.089897
"KEGG_TRYPTOPHAN_METABOLISM"	37	-14.387	1	1	14.387	2.8393e-10	1.0562e-08	14.541	0.0045698	0.024285	6	2.0555	0.81151	0.99999	31	14.982	2.0333e-06	3.7818e-05
"KEGG_BETA_ALANINE_METABOLISM"	21	-12.707	1	1	12.707	8.1297e-08	1.2601e-06	12.936	0.0023661	0.014197	3	1.3995	0.75127	0.9993	18	13.401	1.1473e-06	2.371e-05
"KEGG_TAURINE_AND_HYPOTAURINE_METABOLISM"	9	1.5955	0.436	0.88148	-1.5955	0.57604	1	5.9298	0.24501	0.44087	5	4.9583	0.33755	0.78192	4	3.3513	0.28037	0.66011
"KEGG_SELENOAMINO_ACID_METABOLISM"	25	-0.41148	0.80444	1	0.41148	0.2122	0.57461	7.0174	0.58429	0.77135	11	5.5574	0.54698	0.9993	14	4.4513	0.53125	0.8374
"KEGG_GLUTATHIONE_METABOLISM"	44	2.2008	0.52706	0.99597	-1.9135	0.45461	0.98118	11.215	0.25986	0.45265	23	9.062	0.364	0.80256	21	6.7505	0.24735	0.62172
"KEGG_STARCH_AND_SUCROSE_METABOLISM"	36	-7.5221	0.99972	1	7.5221	0.00032914	0.0025508	11.452	0.11567	0.27233	11	4.4839	0.71099	0.9993	25	10.768	0.0051036	0.029521
"KEGG_N_GLYCAN_BIOSYNTHESIS"	44	-1.6968	0.93715	1	1.6968	0.068025	0.23431	6.909	0.90582	0.98478	18	4.4829	0.8836	0.99999	26	5.2578	0.70417	0.89875
"KEGG_OTHER_GLYCAN_DEGRADATION"	15	3.0463	0.25982	0.65306	-3.0463	0.75102	1	6.0421	0.45368	0.68605	10	5.4664	0.49788	0.95907	5	2.7346	0.4749	0.80558
"KEGG_O_GLYCAN_BIOSYNTHESIS"	24	6.6812	0.037536	0.13689	-6.6812	0.96696	1	9.7564	0.12641	0.29028	17	9.4174	0.1656	0.5225	7	3.3894	0.45255	0.80558
"KEGG_AMINO_SUGAR_AND_NUCLEOTIDE_SUGAR_METABOLISM"	42	-3.3128	0.98009	1	3.3512	0.023109	0.092222	10.335	0.36338	0.58827	17	5.8218	0.70401	0.9993	25	8.5944	0.083115	0.2973
"KEGG_GLYCOSAMINOGLYCAN_DEGRADATION"	19	1.9489	0.44138	0.88276	-1.9489	0.57643	1	6.1339	0.55025	0.75608	10	5.891	0.42864	0.91211	9	2.7028	0.69878	0.89875
"KEGG_GLYCOSAMINOGLYCAN_BIOSYNTHESIS_CHONDROITIN_SULFATE"	22	7.7225	0.010583	0.05624	-7.7225	0.99058	1	11.246	0.020313	0.080386	15	10.909	0.039995	0.21123	7	3.9677	0.33172	0.73612
"KEGG_GLYCOSAMINOGLYCAN_BIOSYNTHESIS_KERATAN_SULFATE"	14	2.5736	0.32564	0.73864	-2.5736	0.68816	1	5.5405	0.49569	0.71471	8	5.0144	0.48549	0.9507	6	2.6731	0.57344	0.85119
"KEGG_GLYCOSAMINOGLYCAN_BIOSYNTHESIS_HEPARAN_SULFATE"	23	2.3509	0.41863	0.87389	-2.3492	0.6026	1	8.7648	0.2209	0.42358	11	7.7223	0.22193	0.64465	12	4.7408	0.362	0.73996
"KEGG_GLYCEROLIPID_METABOLISM"	37	-4.0745	0.99037	1	6.2221	0.00093435	0.0059928	15.473	0.0011941	0.0085426	16	9.4451	0.1372	0.48285	21	12.294	0.00010203	0.00099885
"KEGG_INOSITOL_PHOSPHATE_METABOLISM"	50	5.1514	0.16066	0.47433	-5.1514	0.85464	1	8.361	0.84291	0.98478	30	8.5907	0.64368	0.9993	20	2.6986	0.94414	0.99792
"KEGG_GLYCOSYLPHOSPHATIDYLINOSITOL_GPI_ANCHOR_BIOSYNTHESIS"	23	-0.60711	0.82281	1	0.60711	0.19133	0.5336	4.3435	0.8972	0.98478	12	2.0879	0.95261	0.99999	11	4.1	0.48671	0.80558
"KEGG_GLYCEROPHOSPHOLIPID_METABOLISM"	64	0.21778	0.82835	1	-0.21778	0.19221	0.5336	10.163	0.77185	0.95075	30	8.3207	0.68572	0.9993	34	6.1272	0.66442	0.89557
"KEGG_ETHER_LIPID_METABOLISM"	25	4.0281	0.19498	0.51808	-4.0281	0.81879	1	5.3252	0.8404	0.98478	16	5.414	0.72368	0.9993	9	1.6567	0.8669	0.98706
"KEGG_ARACHIDONIC_ACID_METABOLISM"	51	3.5611	0.35034	0.76664	-3.1845	0.62192	1	12.008	0.24744	0.44087	25	11.347	0.12105	0.45208	26	5.6918	0.61171	0.8773
"KEGG_LINOLEIC_ACID_METABOLISM"	24	-3.8152	0.97841	1	3.8152	0.023259	0.092222	7.8578	0.39569	0.63448	8	3.8792	0.67441	0.9993	16	6.8808	0.12713	0.40077
"KEGG_ALPHA_LINOLENIC_ACID_METABOLISM"	14	-0.00059637	0.6999	1	0.00059637	0.30909	0.76203	0.86962	0.98386	1	7	0.32371	0.95797	0.99999	7	0.90612	0.89207	0.99356
"KEGG_SPHINGOLIPID_METABOLISM"	35	3.2209	0.34843	0.76664	-3.2209	0.67275	1	8.7252	0.48882	0.71144	22	7.1691	0.63925	0.9993	13	4.9903	0.36531	0.73996
"KEGG_GLYCOSPHINGOLIPID_BIOSYNTHESIS_LACTO_AND_NEOLACTO_SERIES"	23	4.9269	0.11687	0.35636	-4.9269	0.89401	1	8.5668	0.24888	0.44087	15	7.6604	0.34457	0.78821	8	4.0363	0.36316	0.73996
"KEGG_GLYCOSPHINGOLIPID_BIOSYNTHESIS_GLOBO_SERIES"	13	6.9482	0.017619	0.081559	-6.9482	0.98462	1	10.039	0.014148	0.061512	9	10.147	0.020975	0.13236	4	2.8771	0.37517	0.75035
"KEGG_GLYCOSPHINGOLIPID_BIOSYNTHESIS_GANGLIO_SERIES"	15	3.8506	0.17066	0.48836	-3.8506	0.83694	1	7.5319	0.2068	0.4049	10	6.6097	0.31731	0.75549	5	3.6982	0.27405	0.6535
"KEGG_PYRUVATE_METABOLISM"	37	-6.5789	0.99949	1	6.5789	0.00058665	0.0040413	12.529	0.046718	0.14483	13	5.4695	0.60748	0.9993	24	11.531	0.0007698	0.0057273
"KEGG_GLYOXYLATE_AND_DICARBOXYLATE_METABOLISM"	16	-3.9631	0.98171	1	3.9631	0.018625	0.084494	10.221	0.020147	0.080386	6	5.48	0.28354	0.71079	10	8.6835	0.0049339	0.029521
"KEGG_PROPANOATE_METABOLISM"	31	-9.2747	0.99999	1	9.2747	2.2103e-05	0.00024183	10.708	0.13121	0.29216	7	2.8863	0.75317	0.9993	24	10.611	0.0040027	0.024817
"KEGG_BUTANOATE_METABOLISM"	32	-12.816	1	1	12.816	3.4579e-08	6.7745e-07	18.287	1.162e-06	2.1613e-05	7	6.5834	0.20599	0.608	25	17.206	6.1441e-10	3.8094e-08
"KEGG_ONE_CARBON_POOL_BY_FOLATE"	17	-3.8883	0.97916	1	3.8883	0.023303	0.092222	13.016	0.00054548	0.0044113	6	8.2176	0.041269	0.21123	11	10.112	0.00045604	0.003688
"KEGG_RIBOFLAVIN_METABOLISM"	15	-1.9936	0.90037	1	1.9936	0.10959	0.35759	7.7035	0.1845	0.3813	7	4.1363	0.56972	0.9993	8	6.6793	0.037312	0.14789
"KEGG_NICOTINATE_AND_NICOTINAMIDE_METABOLISM"	21	-4.6718	0.98967	1	4.6718	0.010935	0.053522	10.086	0.063615	0.17928	9	3.7676	0.72076	0.9993	12	10.08	0.0004215	0.0035636
"KEGG_PANTOTHENATE_AND_COA_BIOSYNTHESIS"	16	-5.4476	0.99603	1	5.4384	0.0040269	0.0214	12.829	0.00051187	0.0043276	5	6.5931	0.13244	0.47524	11	11.027	6.7696e-05	0.00069953
"KEGG_FOLATE_BIOSYNTHESIS"	8	-5.3201	0.99027	1	5.3201	0.011666	0.055637	4.0223	0.52003	0.73277	0	NA	NA	NA	8	4.0223	0.366	0.73996
"KEGG_RETINOL_METABOLISM"	50	-17.723	1	1	19.571	1.1102e-16	2.065e-14	20.243	2.8317e-06	4.7881e-05	6	5.8143	0.23747	0.679	44	19.432	1.41e-10	2.6226e-08
"KEGG_PORPHYRIN_AND_CHLOROPHYLL_METABOLISM"	31	-7.2615	0.99971	1	7.2615	0.00040264	0.0028804	10.377	0.16715	0.3533	8	4.3619	0.59655	0.9993	23	9.4744	0.023711	0.10256
"KEGG_TERPENOID_BACKBONE_BIOSYNTHESIS"	15	-7.6897	0.99973	1	7.6897	0.00035798	0.0026634	9.1413	0.057624	0.16747	4	1.4335	0.78454	0.99999	11	9.8103	0.00081147	0.0058051
"KEGG_LIMONENE_AND_PINENE_DEGRADATION"	9	-8.0604	0.99977	1	8.0604	0.00025851	0.0021856	6.7987	0.13742	0.30071	0	NA	NA	NA	9	6.7987	0.036481	0.14789
"KEGG_NITROGEN_METABOLISM"	21	4.1425	0.18778	0.50851	-4.1425	0.82587	1	13.72	0.00073063	0.0054359	13	11.489	0.016995	0.11519	8	7.5833	0.011519	0.057905
"KEGG_SULFUR_METABOLISM"	12	-2.6775	0.91876	1	2.6775	0.088698	0.2946	7.4745	0.13194	0.29216	5	4.1457	0.47076	0.94247	7	6.2827	0.044559	0.16914
"KEGG_AMINOACYL_TRNA_BIOSYNTHESIS"	40	-0.36477	0.84465	1	0.36477	0.17348	0.51567	3.2066	0.99837	1	21	1.8295	0.99445	0.99999	19	2.7293	0.91904	0.99792
"KEGG_METABOLISM_OF_XENOBIOTICS_BY_CYTOCHROME_P450"	55	-13.388	1	1	13.388	5.7587e-09	1.3389e-07	17.558	0.00070576	0.0054359	13	5.2171	0.64546	0.9993	42	17.19	6.0551e-08	1.8771e-06
"KEGG_DRUG_METABOLISM_CYTOCHROME_P450"	57	-14.073	1	1	14.073	1.0235e-09	3.1729e-08	19.347	5.3946e-05	0.00077185	14	6.08	0.56547	0.9993	43	18.806	3.4314e-10	3.1912e-08
"KEGG_DRUG_METABOLISM_OTHER_ENZYMES"	42	-12.613	1	1	12.613	3.6422e-08	6.7745e-07	15.32	0.003612	0.020995	11	2.9483	0.88162	0.99999	31	16.076	9.1043e-08	2.4192e-06
"KEGG_BIOSYNTHESIS_OF_UNSATURATED_FATTY_ACIDS"	20	-6.6175	0.99833	1	6.6175	0.0018571	0.010607	8.2559	0.24727	0.44087	4	2.4193	0.64443	0.9993	16	8.0207	0.037907	0.14789
"KEGG_ABC_TRANSPORTERS"	43	4.9094	0.17653	0.49256	-2.2056	0.48862	1	13.546	0.030404	0.10778	24	12.408	0.031961	0.17724	19	6.4331	0.25737	0.6365
"KEGG_RIBOSOME"	83	-2.6326	0.98817	1	2.6326	0.014046	0.065314	3.0229	1	1	38	-0.077102	0.99999	0.99999	45	4.1762	0.98536	0.99792
"KEGG_RNA_DEGRADATION"	54	-2.3938	0.96671	1	2.3938	0.037786	0.13781	6.304	0.98064	1	24	2.7955	0.99279	0.99999	30	5.9574	0.61336	0.8773
"KEGG_RNA_POLYMERASE"	29	-4.4192	0.99391	1	4.4192	0.0073992	0.037439	7.6278	0.56584	0.7639	10	3.2781	0.81437	0.99999	19	7.0455	0.16098	0.47924
"KEGG_BASAL_TRANSCRIPTION_FACTORS"	30	-1.2755	0.8918	1	1.2755	0.11747	0.37126	5.1089	0.91066	0.98478	15	2.4161	0.96249	0.99999	15	4.809	0.47648	0.80558
"KEGG_DNA_REPLICATION"	36	-1.4142	0.89236	1	1.4142	0.11777	0.37126	4.9276	0.95779	1	19	1.4863	0.99477	0.99999	17	5.5995	0.35367	0.73996
"KEGG_SPLICEOSOME"	119	-1.5001	0.97144	1	1.507	0.036575	0.13606	6.0143	1	1	53	3.6779	0.99985	0.99999	66	4.78	0.99812	0.99812
"KEGG_PROTEASOME"	39	-5.2196	0.99776	1	5.2196	0.0023832	0.013038	4.9574	0.9803	1	11	1.3006	0.96826	0.99999	28	5.0355	0.78501	0.93164
"KEGG_PROTEIN_EXPORT"	20	-5.3166	0.99323	1	5.3166	0.0074476	0.037439	4.626	0.83639	0.98478	6	-0.54285	0.9766	0.99999	14	5.8845	0.23678	0.61169
"KEGG_PPAR_SIGNALING_PATHWAY"	65	-5.9072	0.99925	1	6.0204	0.00077029	0.005117	16.602	0.014913	0.063043	27	8.0181	0.63643	0.9993	38	14.955	1.7451e-05	0.00024968
"KEGG_BASE_EXCISION_REPAIR"	33	-3.4348	0.98093	1	3.4348	0.02261	0.092222	7.6305	0.6597	0.84624	14	3.2367	0.92116	0.99999	19	7.2778	0.13156	0.40785
"KEGG_NUCLEOTIDE_EXCISION_REPAIR"	43	-3.1091	0.98227	1	3.1091	0.020724	0.091777	5.8631	0.95898	1	21	1.2615	0.99727	0.99999	22	6.9644	0.22865	0.59899
"KEGG_MISMATCH_REPAIR"	23	-0.7513	0.83677	1	0.7513	0.17663	0.51567	4.3963	0.89279	0.98478	13	1.9116	0.95423	0.99999	10	4.4878	0.36101	0.73996
"KEGG_HOMOLOGOUS_RECOMBINATION"	25	-0.63098	0.82703	1	0.63098	0.18853	0.5336	1.0761	0.99848	1	14	-0.22712	0.99832	0.99999	11	1.8785	0.88098	0.9931
"KEGG_NON_HOMOLOGOUS_END_JOINING"	10	-0.96559	0.76974	1	0.96559	0.23646	0.6283	4.0724	0.6213	0.81382	4	2.7256	0.59508	0.9993	6	3.032	0.49634	0.80603
"KEGG_MAPK_SIGNALING_PATHWAY"	238	17.278	4.7889e-06	7.4228e-05	-16.929	0.99999	1	25.693	0.087446	0.2198	153	25.943	0.02568	0.1516	85	8.1859	0.94173	0.99792
"KEGG_ERBB_SIGNALING_PATHWAY"	84	4.6086	0.31158	0.7336	-4.6086	0.7182	1	15.451	0.20016	0.40276	47	13.223	0.25873	0.70667	37	8.3769	0.29658	0.6873
"KEGG_CALCIUM_SIGNALING_PATHWAY"	157	9.7778	0.017583	0.081559	-9.7426	0.98569	1	20.819	0.1479	0.31988	95	19.36	0.12002	0.45208	62	9.1646	0.55756	0.83755
"KEGG_CYTOKINE_CYTOKINE_RECEPTOR_INTERACTION"	205	26.444	1.5543e-15	7.2276e-14	-25.547	1	1	33.572	3.5169e-09	1.3083e-07	148	34.261	8.8444e-09	4.0463e-07	57	8.4596	0.63913	0.8811
"KEGG_CHEMOKINE_SIGNALING_PATHWAY"	164	13.555	0.00055537	0.0044912	-13.143	0.99937	1	19.798	0.34879	0.57411	103	20.588	0.095726	0.40761	61	5.7085	0.98159	0.99792
"KEGG_PHOSPHATIDYLINOSITOL_SIGNALING_SYSTEM"	70	5.2386	0.23445	0.60566	-5.2386	0.79029	1	11.371	0.66711	0.84988	42	10.768	0.55577	0.9993	28	4.7908	0.82183	0.96138
"KEGG_NEUROACTIVE_LIGAND_RECEPTOR_INTERACTION"	199	6.2108	0.33538	0.75157	-6.2108	0.71165	1	19.718	0.69224	0.87589	106	18.115	0.42402	0.91211	93	9.5038	0.87031	0.98706
"KEGG_CELL_CYCLE"	122	12.16	0.0012662	0.0087224	-11.966	0.99892	1	16.754	0.43013	0.66923	89	15.596	0.59128	0.9993	33	6.6008	0.55836	0.83755
"KEGG_OOCYTE_MEIOSIS"	102	3.8601	0.46334	0.91682	-3.8601	0.57553	1	15.134	0.4605	0.69075	65	10.989	0.88279	0.99999	37	10.563	0.038165	0.14789
"KEGG_P53_SIGNALING_PATHWAY"	64	12.879	0.00015455	0.0014373	-12.66	0.99982	1	17.028	0.0095299	0.047907	44	17.974	0.0021276	0.025957	20	3.8001	0.83175	0.96228
"KEGG_UBIQUITIN_MEDIATED_PROTEOLYSIS"	131	2.3911	0.74611	1	-2.3488	0.28552	0.71765	13.59	0.94504	1	69	10.726	0.93056	0.99999	62	8.4388	0.70547	0.89875
"KEGG_SNARE_INTERACTIONS_IN_VESICULAR_TRANSPORT"	37	1.9108	0.53547	0.99597	-1.9108	0.48664	1	8.2005	0.62596	0.81418	16	8.3416	0.26395	0.71035	21	3.6039	0.85024	0.9762
"KEGG_REGULATION_OF_AUTOPHAGY"	20	0.48081	0.65284	1	-0.48081	0.36098	0.87198	5.1499	0.77026	0.95075	9	4.2221	0.65487	0.9993	11	3.1251	0.69113	0.89875
"KEGG_LYSOSOME"	116	8.9539	0.023596	0.095408	-8.8816	0.98046	1	11.899	0.97129	1	75	12.307	0.84987	0.99999	41	3.3697	0.99369	0.99812
"KEGG_ENDOCYTOSIS"	168	10.004	0.020589	0.089059	-9.9642	0.98464	1	20.688	0.23975	0.44087	101	19.324	0.19307	0.57922	67	9.0324	0.67318	0.89875
"KEGG_PEROXISOME"	76	-15.954	1	1	15.954	2.4365e-12	2.2659e-10	19.164	0.0017881	0.011363	15	5.1524	0.7398	0.9993	61	18.836	5.8029e-08	1.8771e-06
"KEGG_MTOR_SIGNALING_PATHWAY"	48	1.9047	0.59279	1	-1.9047	0.43221	0.96858	8.2034	0.82518	0.98478	30	5.7139	0.94503	0.99999	18	6.0196	0.29931	0.6873
"KEGG_APOPTOSIS"	81	9.5127	0.0091226	0.049906	-9.2426	0.99066	1	15.807	0.12177	0.28312	51	15.799	0.072724	0.33271	30	5.3748	0.72825	0.90303
"KEGG_CARDIAC_MUSCLE_CONTRACTION"	61	6.3856	0.098569	0.3161	-6.387	0.91515	1	11.689	0.47825	0.70599	36	11.462	0.31788	0.75549	25	4.5056	0.80053	0.94239
"KEGG_VASCULAR_SMOOTH_MUSCLE_CONTRACTION"	105	5.4392	0.2474	0.63036	-5.4392	0.78145	1	17.723	0.11306	0.2696	60	14.814	0.27549	0.71079	45	9.9665	0.15671	0.47783
"KEGG_WNT_SIGNALING_PATHWAY"	140	11.713	0.0023701	0.014694	-11.334	0.99744	1	20.962	0.050791	0.15305	85	20.751	0.019439	0.12705	55	7.6476	0.77888	0.93164
"KEGG_DORSO_VENTRAL_AXIS_FORMATION"	23	3.4668	0.26362	0.65378	-3.4668	0.75441	1	6.8051	0.55283	0.75608	16	5.7232	0.67883	0.9993	7	3.6826	0.38997	0.76092
"KEGG_NOTCH_SIGNALING_PATHWAY"	45	4.9335	0.17743	0.49256	-4.9335	0.83868	1	9.5318	0.58384	0.77135	28	8.6726	0.58589	0.9993	17	4.3778	0.6226	0.8773
"KEGG_HEDGEHOG_SIGNALING_PATHWAY"	52	6.4327	0.073521	0.2442	-6.3947	0.93461	1	16.231	0.0043499	0.02427	31	14.605	0.011788	0.093792	21	7.7966	0.10478	0.3419
"KEGG_TGF_BETA_SIGNALING_PATHWAY"	81	13.562	5.9149e-05	0.0006876	-12.512	0.99982	1	17.94	0.014209	0.061512	55	18.43	0.0082924	0.079869	26	4.8599	0.7788	0.93164
"KEGG_AXON_GUIDANCE"	120	16.075	5.6317e-06	8.0577e-05	-15.943	1	1	22.707	0.0015167	0.010449	82	22.974	0.001232	0.018788	38	6.6023	0.69487	0.89875
"KEGG_VEGF_SIGNALING_PATHWAY"	68	4.1186	0.32508	0.73864	-4.0985	0.69805	1	11.481	0.63155	0.81575	41	9.5548	0.72791	0.9993	27	6.4456	0.47067	0.80558
"KEGG_FOCAL_ADHESION"	188	32.582	0	0	-30.077	1	1	41.018	0	0	135	42.748	0	0	53	9.0272	0.4356	0.8022
"KEGG_ECM_RECEPTOR_INTERACTION"	80	31.707	0	0	-28.306	1	1	38.408	0	0	62	39.304	0	0	18	8.0265	0.047644	0.17724
"KEGG_CELL_ADHESION_MOLECULES_CAMS"	121	16.426	1.4373e-06	2.6734e-05	-16.171	1	1	24.115	0.00013153	0.0017475	86	23.174	0.0014815	0.020855	35	8.5113	0.2402	0.61202
"KEGG_ADHERENS_JUNCTION"	67	8.4299	0.017978	0.081559	-8.4303	0.98529	1	15.31	0.067788	0.18273	44	14.169	0.10808	0.43952	23	6.5321	0.33725	0.73798
"KEGG_TIGHT_JUNCTION"	118	9.4861	0.018923	0.083801	-9.2389	0.98111	1	18.369	0.12999	0.29216	73	17.164	0.14507	0.49344	45	7.8841	0.55502	0.83755
"KEGG_GAP_JUNCTION"	79	11.743	0.00079286	0.0061447	-11.576	0.99923	1	19.118	0.0018328	0.011363	52	18.432	0.0074918	0.079869	27	7.1228	0.33244	0.73612
"KEGG_COMPLEMENT_AND_COAGULATION_CASCADES"	67	2.1525	0.59352	1	-0.81616	0.25714	0.66048	21.231	1.1349e-05	0.00017591	27	18.948	1.0166e-05	0.00020672	40	11.91	0.0099431	0.051373
"KEGG_ANTIGEN_PROCESSING_AND_PRESENTATION"	60	3.329	0.42755	0.87389	-3.3193	0.60011	1	9.0896	0.85958	0.98478	37	7.0973	0.92531	0.99999	23	5.6792	0.51316	0.8158
"KEGG_RENIN_ANGIOTENSIN_SYSTEM"	15	0.9458	0.56334	1	-0.9458	0.45349	0.98118	8.9944	0.066049	0.18273	9	6.0618	0.36062	0.80256	6	6.7971	0.020299	0.089897
"KEGG_TOLL_LIKE_RECEPTOR_SIGNALING_PATHWAY"	80	7.3999	0.051888	0.17872	-7.2428	0.94962	1	14.531	0.26039	0.45265	52	12.759	0.45988	0.94247	28	7.1733	0.35417	0.73996
"KEGG_NOD_LIKE_RECEPTOR_SIGNALING_PATHWAY"	55	12.737	0.00012035	0.0012436	-12.587	0.99989	1	15.095	0.023184	0.089836	38	16.405	0.0082066	0.079869	17	2.6247	0.90307	0.99792
"KEGG_RIG_I_LIKE_RECEPTOR_SIGNALING_PATHWAY"	51	3.1323	0.41143	0.86961	-3.1323	0.61444	1	6.7575	0.95465	1	28	6.1874	0.89623	0.99999	23	3.2357	0.90835	0.99792
"KEGG_CYTOSOLIC_DNA_SENSING_PATHWAY"	36	1.1172	0.62589	1	-1.0127	0.38054	0.89596	8.9607	0.46771	0.69595	17	7.4324	0.44457	0.93514	19	5.3041	0.48941	0.80558
"KEGG_JAK_STAT_SIGNALING_PATHWAY"	119	13.15	0.00043518	0.0036792	-12.96	0.99958	1	18.795	0.11113	0.26845	86	17.605	0.24408	0.68719	33	7.2706	0.40953	0.77727
"KEGG_HEMATOPOIETIC_CELL_LINEAGE"	79	13.262	9.6319e-05	0.0010538	-12.953	0.99988	1	19.969	0.00045005	0.004162	54	19.486	0.0020303	0.025957	25	6.8584	0.33053	0.73612
"KEGG_NATURAL_KILLER_CELL_MEDIATED_CYTOTOXICITY"	109	2.9212	0.60968	1	-2.9212	0.42983	0.96858	12.613	0.9025	0.98478	64	9.46	0.9725	0.99999	45	8.3483	0.45335	0.80558
"KEGG_T_CELL_RECEPTOR_SIGNALING_PATHWAY"	102	9.6617	0.012017	0.061875	-9.6617	0.99078	1	15.288	0.43176	0.66923	67	14.963	0.35474	0.80145	35	5.3974	0.83294	0.96228
"KEGG_B_CELL_RECEPTOR_SIGNALING_PATHWAY"	71	4.4662	0.29298	0.69865	-4.4662	0.7336	1	9.7099	0.89871	0.98478	46	8.258	0.92718	0.99999	25	5.1617	0.68653	0.89875
"KEGG_FC_EPSILON_RI_SIGNALING_PATHWAY"	69	2.2978	0.6155	1	-2.2978	0.41652	0.9659	10.329	0.82734	0.98478	40	7.8555	0.90122	0.99999	29	6.7061	0.45963	0.80558
"KEGG_FC_GAMMA_R_MEDIATED_PHAGOCYTOSIS"	82	7.6244	0.055884	0.18899	-7.553	0.94989	1	14.348	0.33262	0.55239	51	13.769	0.27377	0.71079	31	5.6755	0.71605	0.8993
"KEGG_LEUKOCYTE_TRANSENDOTHELIAL_MIGRATION"	106	15.472	2.4621e-06	4.1632e-05	-15.089	1	1	19.74	0.013935	0.061512	76	19.655	0.022627	0.13803	30	5.8227	0.64131	0.8811
"KEGG_INTESTINAL_IMMUNE_NETWORK_FOR_IGA_PRODUCTION"	41	11.553	0.00029323	0.0025971	-11.455	0.99975	1	10.613	0.30118	0.50926	32	11.885	0.17285	0.53612	9	0.2419	0.97201	0.99792
"KEGG_CIRCADIAN_RHYTHM_MAMMAL"	13	0.8667	0.56536	1	-0.87289	0.44738	0.98118	8.0383	0.10316	0.25504	7	5.9929	0.28094	0.71079	6	5.359	0.10222	0.33952
"KEGG_LONG_TERM_POTENTIATION"	62	0.16459	0.83353	1	1.4945	0.062088	0.21789	14.776	0.066811	0.18273	33	9.9837	0.47381	0.94247	29	10.955	0.0076246	0.040519
"KEGG_NEUROTROPHIN_SIGNALING_PATHWAY"	121	6.9357	0.14249	0.42746	-6.9357	0.88033	1	14.667	0.76689	0.95075	78	12.474	0.87934	0.99999	43	7.8034	0.5419	0.83755
"KEGG_LONG_TERM_DEPRESSION"	60	4.4109	0.27429	0.6713	-4.4109	0.75093	1	8.7829	0.88908	0.98478	34	8.7879	0.70462	0.9993	26	3.2928	0.95358	0.99792
"KEGG_OLFACTORY_TRANSDUCTION"	41	0.06523	0.79952	1	-0.06523	0.21316	0.57461	7.0349	0.86599	0.98478	21	4.1216	0.94223	0.99999	20	5.849	0.41701	0.78347
"KEGG_TASTE_TRANSDUCTION"	31	5.5318	0.10172	0.32067	-5.5313	0.90473	1	5.8655	0.87413	0.98478	20	6.7998	0.65373	0.9993	11	0.67782	0.96679	0.99792
"KEGG_REGULATION_OF_ACTIN_CYTOSKELETON"	192	25.743	3.1086e-15	1.1564e-13	-24.94	1	1	32.423	6.8815e-09	2.1333e-07	138	33.502	1.1696e-08	4.2806e-07	54	7.5805	0.74113	0.90691
"KEGG_INSULIN_SIGNALING_PATHWAY"	130	-0.97634	0.97365	1	0.97634	0.032237	0.12492	17.386	0.42973	0.66923	66	11.507	0.84527	0.99999	64	13.093	0.027209	0.11502
"KEGG_GNRH_SIGNALING_PATHWAY"	92	6.0425	0.16445	0.47792	-5.6958	0.82665	1	17.25	0.073498	0.18987	52	15.049	0.14867	0.49344	40	9.0025	0.22553	0.59899
"KEGG_PROGESTERONE_MEDIATED_OOCYTE_MATURATION"	81	5.4945	0.18864	0.50851	-5.4945	0.83293	1	13.031	0.56677	0.7639	51	11.084	0.70144	0.9993	30	6.96	0.39682	0.76092
"KEGG_MELANOGENESIS"	91	5.7522	0.20216	0.52961	-5.6628	0.81387	1	18.001	0.027417	0.099993	49	16.248	0.041553	0.21123	42	8.9472	0.26007	0.6365
"KEGG_ADIPOCYTOKINE_SIGNALING_PATHWAY"	64	1.2767	0.71453	1	-1.2767	0.31137	0.76203	12.593	0.36371	0.58827	36	8.5633	0.77022	0.9993	28	9.3284	0.060949	0.22228
"KEGG_TYPE_II_DIABETES_MELLITUS"	42	2.0401	0.53329	0.99597	-2.0401	0.49216	1	11.8	0.15003	0.32075	28	7.7085	0.73295	0.9993	14	9.5368	0.0030449	0.019529
"KEGG_TYPE_I_DIABETES_MELLITUS"	36	7.9446	0.015565	0.076186	-7.9446	0.98664	1	7.3931	0.73276	0.9209	28	7.9346	0.70084	0.9993	8	0.83878	0.91672	0.99792
"KEGG_MATURITY_ONSET_DIABETES_OF_THE_YOUNG"	18	-8.0678	0.99974	1	8.0678	0.00031186	0.002522	9.8934	0.043422	0.13925	6	1.3513	0.88157	0.99999	12	11.161	4.0293e-05	0.00046841
"KEGG_ALDOSTERONE_REGULATED_SODIUM_REABSORPTION"	37	3.6645	0.28414	0.68636	-3.6645	0.73563	1	8.8532	0.50788	0.72666	23	7.5627	0.61452	0.9993	14	4.6992	0.47643	0.80558
"KEGG_VASOPRESSIN_REGULATED_WATER_REABSORPTION"	41	7.7392	0.021819	0.092237	-7.7433	0.98151	1	10.562	0.30935	0.51837	26	11.393	0.15209	0.49344	15	2.463	0.88962	0.99356
"KEGG_PROXIMAL_TUBULE_BICARBONATE_RECLAMATION"	22	5.2032	0.088219	0.28787	-5.2032	0.9181	1	11.004	0.0266	0.099648	12	11.466	0.010317	0.086236	10	3.7614	0.51173	0.8158
"KEGG_ALZHEIMERS_DISEASE"	146	-1.4315	0.98041	1	1.5314	0.022548	0.092222	18.203	0.43828	0.67372	64	13.171	0.62206	0.9993	82	12.654	0.18201	0.51295
"KEGG_PARKINSONS_DISEASE"	105	-7.7701	0.99999	1	7.7701	1.809e-05	0.00022431	11.264	0.96903	1	32	4.6579	0.98248	0.99999	73	10.425	0.48603	0.80558
"KEGG_AMYOTROPHIC_LATERAL_SCLEROSIS_ALS"	46	2.4335	0.50106	0.9708	-2.4335	0.52186	1	11.928	0.19047	0.38932	29	8.2526	0.68119	0.9993	17	8.8428	0.013857	0.067826
"KEGG_HUNTINGTONS_DISEASE"	162	0.55403	0.93547	1	-0.55667	0.083025	0.28077	18.421	0.58474	0.77135	73	14.766	0.48834	0.9507	89	11.479	0.47488	0.80558
"KEGG_PRION_DISEASES"	33	0.71954	0.69575	1	-0.20348	0.25922	0.66048	15.555	0.00042521	0.004162	13	13.289	0.0022837	0.02612	20	9.2667	0.0153	0.07297
"KEGG_VIBRIO_CHOLERAE_INFECTION"	47	7.2322	0.035715	0.13286	-6.2466	0.9334	1	14.647	0.019058	0.078773	26	14.742	0.0088601	0.08107	21	5.509	0.49835	0.80603
"KEGG_EPITHELIAL_CELL_SIGNALING_IN_HELICOBACTER_PYLORI_INFECTION"	61	11.302	0.00098044	0.0071255	-11.302	0.99931	1	11.998	0.42068	0.66877	42	13.636	0.13069	0.47524	19	1.2236	0.98719	0.99792
"KEGG_PATHOGENIC_ESCHERICHIA_COLI_INFECTION"	49	12.051	0.00012793	0.0012523	-11.982	0.9999	1	12.16	0.20217	0.40276	36	13.208	0.11418	0.44459	13	1.6292	0.93077	0.99792
"KEGG_LEISHMANIA_INFECTION"	66	13.556	2.5805e-05	0.00031998	-13.272	0.99997	1	13.509	0.24266	0.44087	49	14.994	0.11398	0.44459	17	1.1615	0.98312	0.99792
"KEGG_PATHWAYS_IN_CANCER"	303	28.654	0	0	-27.394	1	1	40.659	1.8741e-13	1.1619e-11	204	41.626	1.2434e-14	7.585e-13	99	11.377	0.6324	0.8811
"KEGG_COLORECTAL_CANCER"	62	9.371	0.0053615	0.031164	-9.0987	0.99428	1	14.67	0.073466	0.18987	40	14.786	0.05186	0.24975	22	4.6896	0.69409	0.89875
"KEGG_RENAL_CELL_CARCINOMA"	65	8.2483	0.025367	0.10039	-7.9823	0.97367	1	13.576	0.22489	0.42684	41	13.394	0.15181	0.49344	24	4.8358	0.72041	0.8993
"KEGG_PANCREATIC_CANCER"	67	10.452	0.0021911	0.014054	-10.19	0.99769	1	15.764	0.044287	0.13962	45	15.781	0.043078	0.21306	22	4.9399	0.64425	0.8811
"KEGG_ENDOMETRIAL_CANCER"	51	1.8247	0.6047	1	-1.8247	0.42063	0.9659	7.6164	0.90376	0.98478	30	5.9776	0.93132	0.99999	21	4.7248	0.66445	0.89557
"KEGG_GLIOMA"	62	5.8314	0.1154	0.35636	-5.7723	0.89473	1	14.674	0.073177	0.18987	38	12.727	0.18651	0.56886	24	7.572	0.17132	0.4979
"KEGG_PROSTATE_CANCER"	84	10.078	0.0044259	0.026555	-9.9182	0.99575	1	17.421	0.041031	0.1346	53	17.126	0.026775	0.15312	31	6.2832	0.59211	0.86718
"KEGG_THYROID_CANCER"	27	1.5474	0.534	0.99597	-1.5474	0.48353	1	8.8284	0.28997	0.49481	17	6.4986	0.59955	0.9993	10	6.0334	0.11994	0.38463
"KEGG_BASAL_CELL_CARCINOMA"	51	7.1993	0.040402	0.14179	-7.0413	0.96073	1	14.633	0.030788	0.10778	30	14.414	0.016919	0.11519	21	5.5754	0.48388	0.80558
"KEGG_MELANOMA"	65	14.712	8.7057e-06	0.00011566	-14.283	0.99999	1	19.492	0.00021184	0.0024626	46	19.951	0.00021651	0.0036019	19	5.0082	0.55458	0.83755
"KEGG_BLADDER_CANCER"	39	10.189	0.0017446	0.011589	-9.4767	0.99699	1	13.315	0.026787	0.099648	27	13.936	0.015888	0.11519	12	3.1003	0.71363	0.8993
"KEGG_CHRONIC_MYELOID_LEUKEMIA"	72	9.0619	0.012308	0.061875	-8.8092	0.98661	1	15.25	0.10421	0.25504	51	13.494	0.31361	0.75549	21	7.2093	0.17523	0.50143
"KEGG_ACUTE_MYELOID_LEUKEMIA"	55	3.0619	0.42704	0.87389	-3.0618	0.59939	1	8.6162	0.87797	0.98478	33	6.9942	0.89019	0.99999	22	5.0573	0.61992	0.8773
"KEGG_SMALL_CELL_LUNG_CANCER"	83	19.776	6.2645e-10	1.4565e-08	-18.36	1	1	26.598	8.5122e-10	3.9582e-08	62	26.111	1.6813e-08	4.3954e-07	21	8.0137	0.084802	0.29761
"KEGG_NON_SMALL_CELL_LUNG_CANCER"	51	3.4284	0.36892	0.78874	-3.4284	0.65621	1	10.556	0.48959	0.71144	33	8.0824	0.77541	0.9993	18	6.8256	0.16232	0.47924
"KEGG_ASTHMA"	22	6.9262	0.02255	0.093206	-6.9262	0.97965	1	7.1953	0.4446	0.67783	17	7.5352	0.42761	0.91211	5	1.1989	0.78639	0.93164
"KEGG_AUTOIMMUNE_THYROID_DISEASE"	32	6.8442	0.033323	0.12649	-6.8442	0.97051	1	6.0281	0.8531	0.98478	23	6.9791	0.70535	0.9993	9	0.21	0.97315	0.99792
"KEGG_SYSTEMIC_LUPUS_ERYTHEMATOSUS"	80	3.3444	0.4716	0.92334	-3.1234	0.53132	1	10.519	0.88667	0.98478	47	8.262	0.92628	0.99999	33	6.518	0.57662	0.85119
"KEGG_ALLOGRAFT_REJECTION"	32	6.6622	0.038628	0.13817	-6.6622	0.96569	1	5.5049	0.90255	0.98478	23	6.5889	0.75994	0.9993	9	-0.15291	0.98359	0.99792
"KEGG_GRAFT_VERSUS_HOST_DISEASE"	32	6.8447	0.03331	0.12649	-6.7339	0.96766	1	8.1918	0.51234	0.72744	23	8.2251	0.50354	0.95987	9	2.2979	0.77326	0.93164
"KEGG_PRIMARY_IMMUNODEFICIENCY"	31	8.7341	0.0071297	0.040185	-8.7342	0.99335	1	11.807	0.051017	0.15305	23	11.421	0.088022	0.39288	8	3.8772	0.39597	0.76092
"KEGG_HYPERTROPHIC_CARDIOMYOPATHY_HCM"	71	21.662	1.0686e-11	3.3128e-10	-20.54	1	1	24.64	8.6929e-09	2.3098e-07	56	25.062	3.8136e-08	8.7237e-07	15	5.1827	0.39609	0.76092
"KEGG_ARRHYTHMOGENIC_RIGHT_VENTRICULAR_CARDIOMYOPATHY_ARVC"	65	19.104	1.9626e-09	4.0559e-08	-18.273	1	1	22.118	9.9502e-07	2.0564e-05	51	22.404	1.1377e-05	0.0002082	14	4.8979	0.43275	0.8022
"KEGG_DILATED_CARDIOMYOPATHY"	76	21.069	2.3936e-11	6.3602e-10	-20.056	1	1	24.758	1.5352e-08	3.5694e-07	57	25.812	1.6672e-08	4.3954e-07	19	4.8074	0.59807	0.86908
"KEGG_VIRAL_MYOCARDITIS"	61	11.289	0.00099604	0.0071255	-10.99	0.99897	1	15.25	0.041248	0.1346	47	14.107	0.15369	0.49344	14	5.9853	0.21987	0.59268
